[gd_scene load_steps=11 format=2]

[ext_resource path="res://3DModels/cutiemarks/twilight.obj" type="ArrayMesh" id=1]
[ext_resource path="res://3DModels/cutiemarks/celestia.obj" type="ArrayMesh" id=2]
[ext_resource path="res://3DModels/cutiemarks/fluddershy.obj" type="ArrayMesh" id=3]
[ext_resource path="res://3DModels/cutiemarks/luna.obj" type="ArrayMesh" id=4]
[ext_resource path="res://3DModels/cutiemarks/pinkiepie.obj" type="ArrayMesh" id=5]
[ext_resource path="res://3DModels/cutiemarks/rainbowdash.obj" type="ArrayMesh" id=6]
[ext_resource path="res://3DModels/cutiemarks/rarity.obj" type="ArrayMesh" id=7]
[ext_resource path="res://3DModels/cutiemarks/applejack.obj" type="ArrayMesh" id=8]
[ext_resource path="res://3DModels/cutiemarks/cadence.obj" type="ArrayMesh" id=9]

[sub_resource type="GDScript" id=3]
script/source = "extends Spatial
func _process(delta):
	$twilight.rotate_y(deg2rad(2))
	$ring.rotate_y(deg2rad(1))
"

[node name="cutiemarks" type="Spatial"]
script = SubResource( 3 )

[node name="ring" type="Spatial" parent="."]
transform = Transform( -0.994992, 0, 0.104609, 0, 1, 0, -0.104609, 0, -0.994992, 0, 0, 0 )

[node name="cadence" type="MeshInstance" parent="ring"]
transform = Transform( 0.176776, -0.176776, 7.72715e-09, 1.77636e-15, -1.09278e-08, -0.25, 0.176776, 0.176776, -7.72716e-09, 0.18968, -1.77636e-15, -0.240749 )
mesh = ExtResource( 9 )
skeleton = NodePath("../applejack")

[node name="applejack" type="MeshInstance" parent="ring"]
transform = Transform( 0.5, 0, 6.66134e-16, 0, -2.18557e-08, -0.5, 0, 0.5, -2.18557e-08, 0.0333793, 0, 0.307831 )
mesh = ExtResource( 8 )
skeleton = NodePath("../..")

[node name="celestia" type="MeshInstance" parent="ring"]
transform = Transform( 0.353553, -0.353553, 1.54543e-08, 0, -2.18557e-08, -0.5, 0.353553, 0.353553, -1.54543e-08, -0.188984, 0, 0.240254 )
mesh = ExtResource( 2 )
skeleton = NodePath("../..")

[node name="fluddershy" type="MeshInstance" parent="ring"]
transform = Transform( 0.353553, 0.353553, -1.54543e-08, 0, -2.18557e-08, -0.5, -0.353553, 0.353553, -1.54543e-08, -0.238756, 0, -0.193362 )
mesh = ExtResource( 3 )
skeleton = NodePath("../..")

[node name="luna" type="MeshInstance" parent="ring"]
transform = Transform( 0.5, 0, 6.66134e-16, 0, -2.18557e-08, -0.5, 0, 0.5, -2.18557e-08, -0.019724, 0, -0.299677 )
mesh = ExtResource( 4 )
skeleton = NodePath("../..")

[node name="pinkiepie" type="MeshInstance" parent="ring"]
transform = Transform( -2.23517e-08, -0.5, 2.18557e-08, 0, -2.18557e-08, -0.5, 0.5, -2.23517e-08, 1.11022e-15, -0.294729, 0, 0.0363827 )
mesh = ExtResource( 5 )
skeleton = NodePath("../..")

[node name="rainbowdash" type="MeshInstance" parent="ring"]
transform = Transform( 0.707107, 0.707107, -3.09086e-08, 0, -4.37114e-08, -1, -0.707107, 0.707107, -3.09086e-08, 0.245697, 0, 0.191629 )
mesh = ExtResource( 6 )
skeleton = NodePath("../..")

[node name="rarity" type="MeshInstance" parent="ring"]
transform = Transform( -2.23517e-08, 0.5, -2.18557e-08, 0, -2.18557e-08, -0.5, -0.5, -2.23517e-08, 4.44089e-16, 0.307015, 0, -0.0323016 )
mesh = ExtResource( 7 )
skeleton = NodePath("../..")

[node name="twilight" type="MeshInstance" parent="."]
transform = Transform( 1, 0, 0, 0, -4.37114e-08, -1, 0, 1, -4.37114e-08, 0, 0, 0 )
mesh = ExtResource( 1 )

[node name="tmp stuff" type="Spatial" parent="."]
visible = false

[node name="DirectionalLight" type="DirectionalLight" parent="tmp stuff"]
transform = Transform( -0.5, 3.78552e-08, 0.866025, 0.866025, 2.18558e-08, 0.5, -4.61853e-14, 1, -4.37115e-08, 1.03053, 0.357513, -0.366928 )

[node name="DirectionalLight4" type="DirectionalLight" parent="tmp stuff"]
transform = Transform( 0.5, -1.25278e-07, -0.866025, 0.866025, 2.18556e-08, 0.5, -4.37115e-08, -1, 1.19422e-07, -2.2242, 0.357513, -0.366928 )

[node name="DirectionalLight2" type="DirectionalLight" parent="tmp stuff"]
transform = Transform( 2.18557e-08, -1, 5.85622e-09, 0.866025, 2.18557e-08, 0.5, -0.5, -5.85622e-09, 0.866025, -0.122052, 0.357513, 1.83761 )

[node name="DirectionalLight3" type="DirectionalLight" parent="tmp stuff"]
transform = Transform( 1.9492e-07, 1, -3.19991e-08, 0.866025, -1.52806e-07, 0.5, 0.5, -1.25172e-07, -0.866025, -0.122, 0.35761, -2.55261 )

[node name="CSGCylinder" type="CSGCylinder" parent="tmp stuff"]
radius = 0.310456
height = 0.001

[node name="Camera" type="Camera" parent="tmp stuff"]
transform = Transform( 1, 0, 0, 0, -4.37114e-08, 1, 0, -1, -4.37114e-08, 0, 1.38115, 0 )
fov = 23.7
